0.0761436168 -0.2670204813
0.0761436168 -0.2670204813
-1.4754431155 1.1623983188
0.0761436168 -0.2670204813
0.0761436168 -0.2670204813
0.0761436168 -0.2670204813
0.0761436168 -0.2670204813
0.0761436168 -0.2670204813
0.0761436168 -0.2670204813
0.0761436168 -0.2670204813
0.0761436168 -0.2670204813
0.0761436168 -0.2670204813
0.0761436168 -0.2670204813
0.0761436168 -0.2670204813
0.0761436168 -0.2670204813
0.0761436168 -0.2670204813
0.0761436168 -0.2670204813
0.0761436168 -0.2670204813
-0.3369288242 1.6631974141
0.0761436168 -0.2670204813
0.0761436168 -0.2670204813
0.0761436168 -0.2670204813
0.0761436168 -0.2670204813
0.0761436168 -0.2670204813
0.0761436168 -0.2670204813
0.0761436168 -0.2670204813
0.0761436168 -0.2670204813
0.0761436168 -0.2670204813
0.0761436168 -0.2670204813
0.0761436168 -0.2670204813
0.0761436168 -0.2670204813
0.0761436168 -0.2670204813
0.0761436168 -0.2670204813
0.0761436168 -0.2670204813
0.0761436168 -0.2670204813
0.0761436168 -0.2670204813
-0.3193543751 1.5810749755
-1.1958594487 -0.3031495845
0.0761436168 -0.2670204813
8.6400523716 2.3802567382
0.0761436168 -0.2670204813
0.0761436168 -0.2670204813
0.0761436168 -0.2670204813
0.0761436168 -0.2670204813
-3.6999515772 -0.3742741009
0.0761436168 -0.2670204813
0.0761436168 -0.2670204813
0.0761436168 -0.2670204813
0.0761436168 -0.2670204813
0.0761436168 -0.2670204813
0.0761436168 -0.2670204813
-1.7480881289 8.2573070019
0.0761436168 -0.2670204813
0.0761436168 -0.2670204813
0.0761436168 -0.2670204813
0.0761436168 -0.2670204813
0.0761436168 -0.2670204813
0.0761436168 -0.2670204813
0.0761436168 -0.2670204813
0.0761436168 -0.2670204813
0.0761436168 -0.2670204813
0.0761436168 -0.2670204813
0.0761436168 -0.2670204813
0.0761436168 -0.2670204813
0.0761436168 -0.2670204813
0.0761436168 -0.2670204813
0.0761436168 -0.2670204813
0.0761436168 -0.2670204813
0.0761436168 -0.2670204813
0.0761436168 -0.2670204813
0.0761436168 -0.2670204813
0.0761436168 -0.2670204813
0.0761436168 -0.2670204813
0.0761436168 -0.2670204813
0.0761436168 -0.2670204813
0.0761436168 -0.2670204813
0.0761436168 -0.2670204813
0.0761436168 -0.2670204813
-0.6498538440 3.1254432899
0.0761436168 -0.2670204813
0.0761436168 -0.2670204813
0.0761436168 -0.2670204813
-3.3705517277 -0.3649180534
-0.6622318587 3.1832836664
0.0761436168 -0.2670204813
0.0761436168 -0.2670204813
-0.5850457019 2.8226057651
0.0761436168 -0.2670204813
-3.1385285611 -0.3583278264
0.0761436168 -0.2670204813
0.0761436168 -0.2670204813
0.0761436168 -0.2670204813
0.0761436168 -0.2670204813
0.0761436168 -0.2670204813
-0.1690779588 0.8788586107
0.0761436168 -0.2670204813
0.0761436168 -0.2670204813
0.0761436168 -0.2670204813
0.0761436168 -0.2670204813
0.0761436168 -0.2670204813
0.0761436168 -0.2670204813
0.0761436168 -0.2670204813
0.0761436168 -0.2670204813
0.0761436168 -0.2670204813
0.0761436168 -0.2670204813
9.6112305917 2.7972531459
0.0761436168 -0.2670204813
0.0761436168 -0.2670204813
0.0761436168 -0.2670204813
0.0761436168 -0.2670204813
0.0761436168 -0.2670204813
0.0761436168 -0.2670204813
0.0761436168 -0.2670204813
-1.7559480119 8.2940349107
0.0761436168 -0.2670204813
0.0761436168 -0.2670204813
0.0761436168 -0.2670204813
0.0761436168 -0.2670204813
0.0761436168 -0.2670204813
0.0761436168 -0.2670204813
0.0761436168 -0.2670204813
0.0761436168 -0.2670204813
-1.3957594814 -0.3088274080
0.0761436168 -0.2670204813
0.0761436168 -0.2670204813
0.0761436168 -0.2670204813
0.0761436168 -0.2670204813
0.0761436168 -0.2670204813
-0.5272360065 2.5524708021
0.0761436168 -0.2670204813
0.0761436168 -0.2670204813
-1.1710496392 -0.3024449037
0.0761436168 -0.2670204813
0.0761436168 -0.2670204813
-0.6114480082 2.9459792925
0.0761436168 -0.2670204813
0.0761436168 -0.2670204813
-2.1478577040 -0.3301894904
0.0761436168 -0.2670204813
0.0761436168 -0.2670204813
0.0761436168 -0.2670204813
0.0761436168 -0.2670204813
0.0761436168 -0.2670204813
0.0761436168 -0.2670204813
0.0761436168 -0.2670204813
0.0761436168 -0.2670204813
0.0761436168 -0.2670204813
0.0761436168 -0.2670204813
0.0761436168 -0.2670204813
0.0761436168 -0.2670204813
0.0761436168 -0.2670204813
0.0761436168 -0.2670204813
0.0761436168 -0.2670204813
0.0761436168 -0.2670204813
0.0761436168 -0.2670204813
0.0761436168 -0.2670204813
0.0761436168 -0.2670204813
0.0761436168 -0.2670204813
0.0761436168 -0.2670204813
0.0761436168 -0.2670204813
0.0761436168 -0.2670204813
0.0761436168 -0.2670204813
0.0761436168 -0.2670204813
0.0761436168 -0.2670204813
0.0761436168 -0.2670204813
0.0761436168 -0.2670204813
-0.8569537243 4.0931861250
0.0761436168 -0.2670204813
0.0761436168 -0.2670204813
0.0761436168 -0.2670204813
-0.6082746953 2.9311509360
0.0761436168 -0.2670204813
-0.4078410870 1.9945584665
0.0761436168 -0.2670204813
0.0761436168 -0.2670204813
0.0761436168 -0.2670204813
0.0761436168 -0.2670204813
0.0761436168 -0.2670204813
0.0761436168 -0.2670204813
0.0761436168 -0.2670204813
-1.2301105868 -0.3041224304
-1.5382160538 -0.3128736469
0.0761436168 -0.2670204813
0.0761436168 -0.2670204813
0.0761436168 -0.2670204813
-2.7087284723 2.2985779699
-0.4205356809 2.0538781642
0.0761436168 -0.2670204813
-0.4836469907 -0.2829203900
0.0761436168 -0.2670204813
0.0761436168 -0.2670204813
0.0761436168 -0.2670204813
-0.2558128614 1.2841561919
0.0761436168 -0.2670204813
0.0761436168 -0.2670204813
0.0761436168 -0.2670204813
0.0761436168 -0.2670204813
0.0761436168 -0.2670204813
0.0761436168 -0.2670204813
0.0761436168 -0.2670204813
0.0761436168 -0.2670204813
0.0761436168 -0.2670204813
0.0761436168 -0.2670204813
0.0761436168 -0.2670204813
0.0761436168 -0.2670204813
0.0761436168 -0.2670204813
0.0761436168 -0.2670204813
0.0761436168 -0.2670204813
0.0761436168 -0.2670204813
0.0761436168 -0.2670204813
0.0761436168 -0.2670204813
0.0761436168 -0.2670204813
0.0761436168 -0.2670204813
-0.3713957901 1.8242557367
0.0761436168 -0.2670204813
0.0761436168 -0.2670204813
0.0761436168 -0.2670204813
-2.6460062115 -0.3443385592
-0.4407432672 -0.2817017821
0.0761436168 -0.2670204813
0.0761436168 -0.2670204813
0.0761436168 -0.2670204813
0.0761436168 -0.2670204813
0.0761436168 -0.2670204813
0.0761436168 -0.2670204813
0.0761436168 -0.2670204813
0.0761436168 -0.2670204813
0.0761436168 -0.2670204813
0.0761436168 -0.2670204813
0.0761436168 -0.2670204813
0.0761436168 -0.2670204813
0.0761436168 -0.2670204813
0.0761436168 -0.2670204813
0.0761436168 -0.2670204813
0.0761436168 -0.2670204813
0.0761436168 -0.2670204813
0.0761436168 -0.2670204813
-0.6569870743 3.1587756727
0.0761436168 -0.2670204813
0.0761436168 -0.2670204813
0.0761436168 -0.2670204813
-0.3643261916 1.7912206945
-0.7367353343 -0.2901089379
-0.3089482478 1.5324488968
0.0761436168 -0.2670204813
0.0761436168 -0.2670204813
0.0761436168 -0.2670204813
0.0761436168 -0.2670204813
0.0761436168 -0.2670204813
0.0761436168 -0.2670204813
-0.2985347810 1.4837885216
0.0761436168 -0.2670204813
0.0761436168 -0.2670204813
0.0761436168 -0.2670204813
0.0761436168 -0.2670204813
0.0761436168 -0.2670204813
0.0761436168 -0.2670204813
0.0761436168 -0.2670204813
0.0761436168 -0.2670204813
-1.0627255921 -0.2993681417
0.0761436168 -0.2670204813
0.0761436168 -0.2670204813
0.0761436168 -0.2670204813
-1.0380363777 4.9393548440
-2.2062484568 -0.3318479813
0.0761436168 -0.2670204813
0.0761436168 -0.2670204813
0.0761436168 -0.2670204813
-1.4189196106 -0.3094852325
0.0761436168 -0.2670204813
0.0761436168 -0.2670204813
0.0761436168 -0.2670204813
0.0761436168 -0.2670204813
0.0761436168 -0.2670204813
0.0761436168 -0.2670204813
-1.1791250233 -0.3026742714
0.0761436168 -0.2670204813
0.0761436168 -0.2670204813
0.0761436168 -0.2670204813
-1.9535241620 -0.3246697737
0.0761436168 -0.2670204813
0.0761436168 -0.2670204813
0.0761436168 -0.2670204813
0.0761436168 -0.2670204813
0.0761436168 -0.2670204813
0.0761436168 -0.2670204813
0.0761436168 -0.2670204813
0.0761436168 -0.2670204813
5.1535033246 1.3024939863
0.0761436168 -0.2670204813
0.0761436168 -0.2670204813
0.0761436168 -0.2670204813
-4.3635217965 -0.3931216946
-0.5329097863 2.5789834188
0.0761436168 -0.2670204813
0.0761436168 -0.2670204813
0.0761436168 -0.2670204813
-0.1396067006 0.7411443882
0.0761436168 -0.2670204813
0.0761436168 -0.2670204813
0.0761436168 -0.2670204813
0.0761436168 -0.2670204813
0.0761436168 -0.2670204813
0.0761436168 -0.2670204813
0.0761436168 -0.2670204813
0.0761436168 -0.2670204813
-0.4987894996 2.4195450697
0.0761436168 -0.2670204813
0.0761436168 -0.2670204813
0.0761436168 -0.2670204813
0.0761436168 -0.2670204813
0.0761436168 -0.2670204813
0.0761436168 -0.2670204813
0.0761436168 -0.2670204813
0.0761436168 -0.2670204813
0.0761436168 -0.2670204813
0.0761436168 -0.2670204813
0.0761436168 -0.2670204813
0.0761436168 -0.2670204813
0.0761436168 -0.2670204813
0.0761436168 -0.2670204813
0.0761436168 -0.2670204813
0.0761436168 -0.2670204813
-0.6913816613 3.3194957807
0.0761436168 -0.2670204813
0.0761436168 -0.2670204813
-0.5599339914 2.7052629743
0.0761436168 -0.2670204813
0.0761436168 -0.2670204813
0.0761436168 -0.2670204813
0.0761436168 -0.2670204813
0.0761436168 -0.2670204813
-0.4533676955 -0.2820603577
0.0761436168 -0.2670204813
0.0761436168 -0.2670204813
0.0761436168 -0.2670204813
0.0761436168 -0.2670204813
0.0761436168 -0.2670204813
0.0761436168 -0.2670204813
0.0761436168 -0.2670204813
0.0761436168 -0.2670204813
0.0761436168 -0.2670204813
0.0761436168 -0.2670204813
5.2259508744 1.3248889876
0.0761436168 -0.2670204813
-0.9631123622 4.5892475474
-0.6087583927 2.9334111723
0.0761436168 -0.2670204813
0.0761436168 -0.2670204813
0.0761436168 -0.2670204813
0.0761436168 -0.2670204813
-0.4745601385 2.3063253489
0.0761436168 -0.2670204813
0.0761436168 -0.2670204813
-0.6279084062 -0.2870178924
0.0761436168 -0.2670204813
0.0761436168 -0.2670204813
0.0761436168 -0.2670204813
0.0761436168 -0.2670204813
0.0761436168 -0.2670204813
-0.6929461727 -0.2888651806
0.0761436168 -0.2670204813
0.0761436168 -0.2670204813
0.0761436168 -0.2670204813
0.0761436168 -0.2670204813
0.0761436168 -0.2670204813
0.0761436168 -0.2670204813
0.0761436168 -0.2670204813
-0.2126107445 1.0822799811
0.0761436168 -0.2670204813
0.0761436168 -0.2670204813
0.0761436168 -0.2670204813
0.0761436168 -0.2670204813
0.0761436168 -0.2670204813
-0.6982071249 3.3513900218
0.0761436168 -0.2670204813
0.0761436168 -0.2670204813
-0.4638564863 2.2563089860
0.0761436168 -0.2670204813
0.0761436168 -0.2670204813
2.2135550744 0.3936965840
0.0761436168 -0.2670204813
0.0761436168 -0.2670204813
0.0761436168 -0.2670204813
0.0761436168 -0.2670204813
0.0761436168 -0.2670204813
0.0761436168 -0.2670204813
0.0761436168 -0.2670204813
0.0761436168 -0.2670204813
0.0761436168 -0.2670204813
0.0761436168 -0.2670204813
-0.3524795084 -0.2791947988
0.0761436168 -0.2670204813
0.0761436168 -0.2670204813
0.0761436168 -0.2670204813
0.0761436168 -0.2670204813
0.0761436168 -0.2670204813
-0.8472608020 4.0478927331
-1.0046791106 4.7834819568
-0.3013668457 1.4970222826
0.0761436168 -0.2670204813
0.0761436168 -0.2670204813
0.0761436168 -0.2670204813
0.0761436168 -0.2670204813
0.0761436168 -0.2670204813
0.0761436168 -0.2670204813
-0.3729283200 1.8314169905
0.0761436168 -0.2670204813
0.0761436168 -0.2670204813
0.0761436168 -0.2670204813
0.0761436168 -0.2670204813
0.0761436168 -0.2670204813
0.0761436168 -0.2670204813
0.0761436168 -0.2670204813
0.0761436168 -0.2670204813
0.0761436168 -0.2670204813
0.0761436168 -0.2670204813
0.0761436168 -0.2670204813
0.0761436168 -0.2670204813
0.0761436168 -0.2670204813
0.0761436168 -0.2670204813
0.0761436168 -0.2670204813
0.0761436168 -0.2670204813
0.0761436168 -0.2670204813
0.0761436168 -0.2670204813
-0.1638744459 0.8545434718
0.0761436168 -0.2670204813
0.0761436168 -0.2670204813
-0.1404124672 0.7449095997
0.0761436168 -0.2670204813
0.0761436168 -0.2670204813
0.0761436168 -0.2670204813
0.0761436168 -0.2670204813
0.0761436168 -0.2670204813
0.0761436168 -0.2670204813
0.0761436168 -0.2670204813
0.0761436168 -0.2670204813
0.0761436168 -0.2670204813
0.0761436168 -0.2670204813
0.0761436168 -0.2670204813
-0.4218120076 -0.2811640716
0.0761436168 -0.2670204813
0.0761436168 -0.2670204813
0.0761436168 -0.2670204813
0.0761436168 -0.2670204813
0.0761436168 -0.2670204813
0.0761436168 -0.2670204813
-1.6858499185 -0.3170669380
0.0761436168 -0.2670204813
2.9572956467 0.6236018213
0.0761436168 -0.2670204813
0.0761436168 -0.2670204813
0.0761436168 -0.2670204813
0.4079708068 -0.1644459927
0.0761436168 -0.2670204813
0.0761436168 -0.2670204813
0.0761436168 -0.2670204813
0.0761436168 -0.2670204813
0.0761436168 -0.2670204813
0.0761436168 -0.2670204813
0.0761436168 -0.2670204813
0.0761436168 -0.2670204813
0.0761436168 -0.2670204813
0.0761436168 -0.2670204813
-2.1017998803 -0.3288812956
0.0761436168 -0.2670204813
2.7766450837 0.6294486082
0.0761436168 -0.2670204813
0.0761436168 -0.2670204813
0.0761436168 -0.2670204813
0.0761436168 -0.2670204813
0.0761436168 -0.2670204813
0.0761436168 -0.2670204813
0.0761436168 -0.2670204813
0.0761436168 -0.2670204813
0.0761436168 -0.2670204813
0.0761436168 -0.2670204813
0.0761436168 -0.2670204813
0.0761436168 -0.2670204813
0.0761436168 -0.2670204813
0.0761436168 -0.2670204813
-0.8890484180 4.2431592193
-0.4010868146 -0.2805754074
0.0761436168 -0.2670204813
0.0761436168 -0.2670204813
-5.2436568205 -0.4181204465
0.0761436168 -0.2670204813
0.0761436168 -0.2670204813
0.0761436168 -0.2670204813
0.0761436168 -0.2670204813
0.0761436168 -0.2670204813
0.0761436168 -0.2670204813
-1.2564940449 -0.3048718080
0.0761436168 -0.2670204813
0.0761436168 -0.2670204813
0.0761436168 -0.2670204813
-0.3485392039 1.7174507615
0.0761436168 -0.2670204813
0.0761436168 -0.2670204813
-2.5083760200 -0.3404294055
0.0761436168 -0.2670204813
-1.1366023215 -0.3014664857
0.0761436168 -0.2670204813
0.0761436168 -0.2670204813
-0.4745528457 2.3062912711
0.0761436168 -0.2670204813
0.0761436168 -0.2670204813
0.0761436168 -0.2670204813
-1.6927684590 -0.3172634474
9.5515874971 2.6620306619
0.0761436168 -0.2670204813
0.0761436168 -0.2670204813
0.0761436168 -0.2670204813
-1.3275995962 6.2924349597
0.0761436168 -0.2670204813
0.0761436168 -0.2670204813
0.0761436168 -0.2670204813
0.0761436168 -0.2670204813
0.0761436168 -0.2670204813
-1.5707064974 -0.3137964832
0.0761436168 -0.2670204813
0.0761436168 -0.2670204813
0.0761436168 -0.2670204813
0.0761436168 -0.2670204813
0.0761436168 -0.2670204813
0.0761436168 -0.2670204813
-0.7943895046 3.8008340714
0.0761436168 -0.2670204813
0.0761436168 -0.2670204813
0.0761436168 -0.2670204813
-0.1743449311 0.9034702842
-0.5393672520 2.6091580677
0.0761436168 -0.2670204813
0.0761436168 -0.2670204813
0.0761436168 -0.2670204813
0.0761436168 -0.2670204813
-2.1909384646 10.3266719806
-0.7658143860 3.6673073583
0.0761436168 -0.2670204813
0.0761436168 -0.2670204813
0.0761436168 -0.2670204813
0.0761436168 -0.2670204813
-0.8863390538 -0.2943581794
-2.4805421445 -0.3396388312
0.0761436168 -0.2670204813
0.0761436168 -0.2670204813
-0.1814600517 0.9367180438
0.0761436168 -0.2670204813
0.0761436168 -0.2670204813
0.0761436168 -0.2670204813
0.0761436168 -0.2670204813
0.0761436168 -0.2670204813
0.0761436168 -0.2670204813
0.0761436168 -0.2670204813
0.0761436168 -0.2670204813
0.0761436168 -0.2670204813
0.0761436168 -0.2670204813
-0.4607301294 -0.2822694752
0.0761436168 -0.2670204813
0.0761436168 -0.2670204813
0.0761436168 -0.2670204813
0.0761436168 -0.2670204813
0.0761436168 -0.2670204813
0.0761436168 -0.2670204813
0.0761436168 -0.2670204813
-0.8534817993 -0.2934249244
0.0761436168 -0.2670204813
0.0761436168 -0.2670204813
0.0761436168 -0.2670204813
0.0761436168 -0.2670204813
0.0761436168 -0.2670204813
0.0761436168 -0.2670204813
0.0761436168 -0.2670204813
0.0761436168 -0.2670204813
0.0761436168 -0.2670204813
0.0761436168 -0.2670204813
0.0761436168 -0.2670204813
0.0761436168 -0.2670204813
0.0761436168 -0.2670204813
-0.3749781595 1.8409955450
0.0761436168 -0.2670204813
0.0761436168 -0.2670204813
0.0761436168 -0.2670204813
0.0761436168 -0.2670204813
0.0761436168 -0.2670204813
0.0761436168 -0.2670204813
0.0761436168 -0.2670204813
0.0761436168 -0.2670204813
0.0761436168 -0.2670204813
0.0761436168 -0.2670204813
0.0761436168 -0.2670204813
0.0761436168 -0.2670204813
0.0761436168 -0.2670204813
0.0761436168 -0.2670204813
0.0761436168 -0.2670204813
0.0761436168 -0.2670204813
0.0761436168 -0.2670204813
0.0761436168 -0.2670204813
0.0761436168 -0.2670204813
-0.1635385696 0.8529739785
-0.6067966979 2.9242445034
0.0761436168 -0.2670204813
0.0761436168 -0.2670204813
0.0761436168 -0.2670204813
0.0761436168 -0.2670204813
0.0761436168 -0.2670204813
0.0761436168 -0.2670204813
0.0761436168 -0.2670204813
0.0761436168 -0.2670204813
0.0761436168 -0.2670204813
0.0761436168 -0.2670204813
0.0761436168 -0.2670204813
1.3403203879 0.5835588968
0.0761436168 -0.2670204813
0.0761436168 -0.2670204813
0.0761436168 -0.2670204813
0.0761436168 -0.2670204813
0.0761436168 -0.2670204813
0.0761436168 -0.2670204813
0.0761436168 -0.2670204813
0.0761436168 -0.2670204813
-0.4829640948 2.3455956203
0.0761436168 -0.2670204813
-1.8576600524 1.5145204810
0.0761436168 -0.2670204813
0.0761436168 -0.2670204813
0.0761436168 -0.2670204813
0.0761436168 -0.2670204813
0.0761436168 -0.2670204813
0.0761436168 -0.2670204813
-4.3604865853 -0.3930354845
7.7096767991 2.0926588516
0.0761436168 -0.2670204813
0.0761436168 -0.2670204813
0.0761436168 -0.2670204813
-0.2157739997 1.0970613391
0.0761436168 -0.2670204813
0.0761436168 -0.2670204813
0.0761436168 -0.2670204813
0.0761436168 -0.2670204813
0.0761436168 -0.2670204813
0.0761436168 -0.2670204813
0.0761436168 -0.2670204813
-1.3606914965 -0.3078313610
-0.0748112878 0.4383663449
0.0761436168 -0.2670204813
-0.2978600370 1.4806355563
0.0761436168 -0.2670204813
0.0761436168 -0.2670204813
0.0761436168 -0.2670204813
0.0761436168 -0.2670204813
0.0761436168 -0.2670204813
0.0761436168 -0.2670204813
0.0761436168 -0.2670204813
0.0761436168 -0.2670204813
0.0761436168 -0.2670204813
0.0761436168 -0.2670204813
-1.6896267924 -0.3171742137
0.0761436168 -0.2670204813
0.0761436168 -0.2670204813
0.0761436168 -0.2670204813
0.0761436168 -0.2670204813
2.9886345348 0.6332893048
0.0761436168 -0.2670204813
0.0761436168 -0.2670204813
0.0761436168 -0.2670204813
0.0761436168 -0.2670204813
0.0761436168 -0.2670204813
0.0761436168 -0.2670204813
0.0761436168 -0.2670204813
0.0761436168 -0.2670204813
0.0761436168 -0.2670204813
3.1116250703 0.6713081642
0.0761436168 -0.2670204813
0.0761436168 -0.2670204813
0.0069526322 -0.1181727914
0.0761436168 -0.2670204813
6.0289017714 1.5730973325
0.0761436168 -0.2670204813
0.0761436168 -0.2670204813
0.0761436168 -0.2670204813
0.0761436168 -0.2670204813
0.0761436168 -0.2670204813
-0.9447462222 4.5034256707
0.0761436168 -0.2670204813
0.0761436168 -0.2670204813
0.0761436168 -0.2670204813
0.0761436168 -0.2670204813
0.0761436168 -0.2670204813
0.0761436168 -0.2670204813
0.0761436168 -0.2670204813
0.0761436168 -0.2670204813
0.0761436168 -0.2670204813
0.0761436168 -0.2670204813
0.0761436168 -0.2670204813
0.0761436168 -0.2670204813
1.4577456789 0.1600606297
0.0761436168 -0.2670204813
0.0761436168 -0.2670204813
0.0761436168 -0.2670204813
0.0761436168 -0.2670204813
0.0761436168 -0.2670204813
0.0761436168 -0.2670204813
-1.6696783027 -0.3166076105
0.0761436168 -0.2670204813
0.0761436168 -0.2670204813
0.0761436168 -0.2670204813
-1.0637925446 5.0597090709
0.0761436168 -0.2670204813
-0.1096397419 0.6011138411
0.0761436168 -0.2670204813
0.0761436168 -0.2670204813
0.0761436168 -0.2670204813
0.0761436168 -0.2670204813
0.0761436168 -0.2670204813
-0.4286384603 -0.2813579655
0.0761436168 -0.2670204813
0.0761436168 -0.2670204813
0.0761436168 -0.2670204813
0.0761436168 -0.2670204813
0.0761436168 -0.2670204813
0.0761436168 -0.2670204813
0.0761436168 -0.2670204813
0.0761436168 -0.2670204813
0.0761436168 -0.2670204813
0.0761436168 -0.2670204813
0.0761436168 -0.2670204813
0.0761436168 -0.2670204813
0.0761436168 -0.2670204813
0.0761436168 -0.2670204813
0.0761436168 -0.2670204813
0.0761436168 -0.2670204813
-2.7663809319 0.6920944462
0.0761436168 -0.2670204813
-1.7725407857 -0.3195292459
0.0761436168 -0.2670204813
0.0761436168 -0.2670204813
0.0761436168 -0.2670204813
0.0761436168 -0.2670204813
1.9455366951 0.3108466880
0.0761436168 -0.2670204813
0.0761436168 -0.2670204813
0.0761436168 -0.2670204813
0.0761436168 -0.2670204813
0.0761436168 -0.2670204813
-0.5352404430 2.5898741844
0.0761436168 -0.2670204813
0.0761436168 -0.2670204813
0.0761436168 -0.2670204813
0.0761436168 -0.2670204813
-5.7606028259 -0.4328034265
0.0761436168 -0.2670204813
0.0761436168 -0.2670204813
0.0761436168 -0.2670204813
0.0761436168 -0.2670204813
0.0761436168 -0.2670204813
0.0761436168 -0.2670204813
0.0761436168 -0.2670204813
0.0761436168 -0.2670204813
0.0761436168 -0.2670204813
0.0761436168 -0.2670204813
9.1596836206 2.5408852558
0.0761436168 -0.2670204813
-2.5471182414 -0.3415298131
0.0761436168 -0.2670204813
-3.0543453298 -0.3559367436
0.0761436168 -0.2670204813
0.0761436168 -0.2670204813
-1.0586796112 -0.2992532224
0.0761436168 -0.2670204813
0.0761436168 -0.2670204813
0.0761436168 -0.2670204813
0.0761436168 -0.2670204813
0.0761436168 -0.2670204813
0.0761436168 -0.2670204813
0.0761436168 -0.2670204813
0.0761436168 -0.2670204813
0.0761436168 -0.2670204813
0.0761436168 -0.2670204813
0.0761436168 -0.2670204813
0.0761436168 -0.2670204813
0.0761436168 -0.2670204813
0.0761436168 -0.2670204813
0.0761436168 -0.2670204813
0.0761436168 -0.2670204813
0.0761436168 -0.2670204813
0.0761436168 -0.2670204813
0.0761436168 -0.2670204813
0.0761436168 -0.2670204813
0.0761436168 -0.2670204813
0.0761436168 -0.2670204813
0.0761436168 -0.2670204813
0.0761436168 -0.2670204813
0.0761436168 -0.2670204813
0.0761436168 -0.2670204813
-0.1833814465 0.9456963980
0.0761436168 -0.2670204813
-1.2251744380 -0.3039822274
0.0761436168 -0.2670204813
0.0761436168 -0.2670204813
0.0761436168 -0.2670204813
0.0761436168 -0.2670204813
0.0761436168 -0.2670204813
-1.5279996831 -0.3125834681
0.0761436168 -0.2670204813
0.0761436168 -0.2670204813
0.0761436168 -0.2670204813
0.0761436168 -0.2670204813
-1.0607001495 -0.2993106124
0.0761436168 -0.2670204813
0.0761436168 -0.2670204813
0.0761436168 -0.2670204813
-1.1673176593 5.5434644832
