7.133316988344934328e-01 -4.743441228225818151e-01
7.783980771952435651e-01 1.307449012368327779e+00
5.381727303100745097e-01 6.041841842249221495e-01
-2.135919525007623498e-01 -5.313039014123656541e-03
7.133316988344782228e-01 -4.743441228225634965e-01
2.498698731668592965e-01 -2.398285809183432760e-01
2.361562861380063771e-01 1.311334524847010297e+00
-1.463477814794886811e+00 -2.650570678330746333e+00
-2.135919525007606845e-01 -5.313039014124582883e-03
2.498698731668592965e-01 -2.398285809183432760e-01
-1.048800979227605401e-01 3.129432345983540475e-01
-2.135919525007606845e-01 -5.313039014124582883e-03
-6.770537781683807488e-01 2.292025028900940564e-01
-1.140515603836000480e+00 4.637180447943128891e-01
7.133316988344791110e-01 -4.743441228225619977e-01
-2.135919525007606845e-01 -5.313039014124582883e-03
-7.978603778287229886e-01 -6.132529571628687615e-01
7.184991174976571582e-01 1.132093529926904596e+00
-6.770537781683807488e-01 2.292025028900940564e-01
-1.140515603836000480e+00 4.637180447943128891e-01
2.498698731668592965e-01 -2.398285809183432760e-01
-1.185283680454387589e-01 1.864297557000051064e+00
-6.770537781683807488e-01 2.292025028900940564e-01
2.498698731668592965e-01 -2.398285809183432760e-01
6.214602781417893212e-02 3.599932304627795343e-02
-6.770537781683807488e-01 2.292025028900940564e-01
-6.770537781683807488e-01 2.292025028900940564e-01
-5.912738024564730965e-01 2.071635136244867503e+00
-2.135919525007606845e-01 -5.313039014124582883e-03
9.851169627305252918e-01 3.213130356916311103e-01
8.620343765783846646e-01 -5.115141498534777620e-01
7.133316988344791110e-01 -4.743441228225619977e-01
7.133316988344791110e-01 -4.743441228225619977e-01
2.498698731668592965e-01 -2.398285809183432760e-01
-1.140515603836000480e+00 4.637180447943128891e-01
7.470220107168136225e-01 1.215594908353507364e+00
2.334056432817413818e+00 -6.711868192610964678e-01
-1.140515603836000480e+00 4.637180447943128891e-01
2.498698731668592965e-01 -2.398285809183432760e-01
-3.544059610325661636e-01 2.765070795518954849e+00
-1.140515603836000480e+00 4.637180447943128891e-01
-2.135919525007606845e-01 -5.313039014124582883e-03
-4.324749089880638997e-01 -1.683942641325560263e+00
-1.848757016892081495e+00 -4.376378717055925627e+00
7.133316988344791110e-01 -4.743441228225619977e-01
4.638305412323298627e-01 3.865458396311273748e-01
-8.722280454944358885e-01 1.249135595675244348e+00
-6.770537781683807488e-01 2.292025028900940564e-01
6.244487046524036522e-01 -1.094177509119974578e+00
-1.140515603836000480e+00 4.637180447943128891e-01
1.223353780968939875e+00 1.018756403796905907e+00
7.133316988344791110e-01 -4.743441228225619977e-01
-6.770537781683807488e-01 2.292025028900940564e-01
-1.140515603836000480e+00 4.637180447943128891e-01
1.434919726206437041e+00 -3.227998021547880958e-01
-2.135919525007606845e-01 -5.313039014124582883e-03
-6.770537781683807488e-01 2.292025028900940564e-01
-1.140515603836000480e+00 4.637180447943128891e-01
2.498698731668592965e-01 -2.398285809183432760e-01
-1.307658268824666070e+00 -7.018660468315102152e-01
-2.135919525007606845e-01 -5.313039014124582883e-03
7.133316988344791110e-01 -4.743441228225619977e-01
-3.324198602998478802e-01 -8.339699171438861303e-01
6.769200482824819787e+00 -2.057154475740111454e+00
-6.770537781683807488e-01 2.292025028900940564e-01
2.475844652194359785e+00 -9.350086202278535819e-01
-6.770537781683807488e-01 2.292025028900940564e-01
7.133316988344791110e-01 -4.743441228225619977e-01
7.133316988344791110e-01 -4.743441228225619977e-01
7.133316988344791110e-01 -4.743441228225619977e-01
-6.770537781683807488e-01 2.292025028900940564e-01
-2.135919525007606845e-01 -5.313039014124582883e-03
-1.405507170328263999e+00 -1.384223977305993003e+00
-6.770537781683807488e-01 2.292025028900940564e-01
-1.140515603836000480e+00 4.637180447943128891e-01
-1.140515603836000480e+00 4.637180447943128891e-01
7.133316988344791110e-01 -4.743441228225619977e-01
-6.770537781683807488e-01 2.292025028900940564e-01
-1.140515603836000480e+00 4.637180447943128891e-01
7.975795043026393527e-01 -6.881582530053425018e-01
-2.009803202252687715e+00 -1.376041672348418565e+00
-6.770537781683807488e-01 2.292025028900940564e-01
-6.770537781683807488e-01 2.292025028900940564e-01
7.133316988344791110e-01 -4.743441228225619977e-01
-2.135919525007606845e-01 -5.313039014124582883e-03
7.133316988344791110e-01 -4.743441228225619977e-01
2.498698731668592965e-01 -2.398285809183432760e-01
-7.338143184679094544e-01 -3.633129514959267059e+00
-6.770537781683807488e-01 2.292025028900940564e-01
1.280678231203437323e-01 -1.089225901891164305e+00
-1.140515603836000480e+00 4.637180447943128891e-01
7.133316988344791110e-01 -4.743441228225619977e-01
-1.140515603836000480e+00 4.637180447943128891e-01
-6.770537781683807488e-01 2.292025028900940564e-01
-6.770537781683807488e-01 2.292025028900940564e-01
-1.140515603836000480e+00 4.637180447943128891e-01
7.133316988344791110e-01 -4.743441228225619977e-01
8.042169919375073694e-02 2.446728123383838494e+00
-9.313930222232017497e-01 1.075928864034438437e+00
-1.140515603836000480e+00 4.637180447943128891e-01
-9.509407993318327312e-01 -5.029426388692267436e-01
-2.135919525007606845e-01 -5.313039014124582883e-03
-6.055609539894650784e-01 4.384992709522066989e-01
-6.770537781683807488e-01 2.292025028900940564e-01
-2.135919525007606845e-01 -5.313039014124582883e-03
-3.142969839036624524e-01 1.291180757409368773e+00
-2.135919525007606845e-01 -5.313039014124582883e-03
-2.135919525007606845e-01 -5.313039014124582883e-03
-2.456638100452684936e-01 1.492105838148357844e+00
7.133316988344791110e-01 -4.743441228225619977e-01
5.890047750034167473e-01 7.529960795513768179e-01
-1.140515603836000480e+00 4.637180447943128891e-01
7.801489681583171354e-01 1.780613772193692379e-01
3.248780723764352452e+00 -1.137029380561810354e+00
2.498698731668592965e-01 -2.398285809183432760e-01
-7.394231427375793642e-01 1.637924781849408706e+00
-1.140515603836000480e+00 4.637180447943128891e-01
7.133316988344791110e-01 -4.743441228225619977e-01
-1.140515603836000480e+00 4.637180447943128891e-01
-2.135919525007606845e-01 -5.313039014124582883e-03
4.163822698551202794e-01 2.476400128794579159e-01
-1.140515603836000480e+00 4.637180447943128891e-01
-9.997050712335131539e-01 -4.536564873295116374e-01
2.498698731668592965e-01 -2.398285809183432760e-01
-2.135919525007606845e-01 -5.313039014124582883e-03
-1.140515603836000480e+00 4.637180447943128891e-01
-1.140515603836000480e+00 4.637180447943128891e-01
-1.140515603836000480e+00 4.637180447943128891e-01
-7.618781990454943920e-02 -1.690430774760136368e+00
2.498698731668592965e-01 -2.398285809183432760e-01
8.653322563836308712e-01 1.561950676657343440e+00
-1.665422605830494396e-01 1.324259378662877573e-01
-1.131593397299093473e+00 -1.948170709473189044e+00
4.213942929869582410e-01 2.623128175279502705e-01
-1.140515603836000480e+00 4.637180447943128891e-01
7.315262884777016250e-01 -1.778613846597236536e+00
5.774905217793007139e-01 7.192878575845774725e-01
1.337018400490632253e+00 1.351512002447824656e+00
7.133316988344791110e-01 -4.743441228225619977e-01
-1.140515603836000480e+00 4.637180447943128891e-01
4.148333329674589010e+00 -1.258762203744509200e+00
2.498698731668592965e-01 -2.398285809183432760e-01
-1.140515603836000480e+00 4.637180447943128891e-01
-6.770537781683807488e-01 2.292025028900940564e-01
1.400846080128843874e-01 -1.005425794335238487e+00
2.602246369525329062e+00 -9.680459851302986030e-01
7.133316988344791110e-01 -4.743441228225619977e-01
-1.032681762728486108e+00 -2.954220042585921302e+00
6.023525891705684421e-01 7.920720902973955591e-01
-2.135919525007606845e-01 -5.313039014124582883e-03
-2.135919525007606845e-01 -5.313039014124582883e-03
-2.135919525007606845e-01 -5.313039014124582883e-03
2.498698731668592965e-01 -2.398285809183432760e-01
1.149867311144064264e+00 8.036231955724020271e-01
-2.135919525007606845e-01 -5.313039014124582883e-03
-5.493163312040465485e-01 6.031566041189729832e-01
7.133316988344791110e-01 -4.743441228225619977e-01
2.498698731668592965e-01 -2.398285809183432760e-01
-1.289303989457735611e+00 -1.407443205374796280e+00
7.133316988344791110e-01 -4.743441228225619977e-01
-6.770537781683807488e-01 2.292025028900940564e-01
3.754024371526801240e-01 1.718980602718068296e+00
1.101030003723163953e+00 6.606509361681537351e-01
2.498698731668592965e-01 -2.398285809183432760e-01
-2.135919525007606845e-01 -5.313039014124582883e-03
-3.925684838211775385e-01 -1.253421639505776675e+00
-3.878637566566994765e-02 -2.252798349052631544e+00
-1.140515603836000480e+00 4.637180447943128891e-01
-1.140515603836000480e+00 4.637180447943128891e-01
7.133316988344791110e-01 -4.743441228225619977e-01
3.392917526629867786e-01 3.204575727831336707e+00
-6.770537781683807488e-01 2.292025028900940564e-01
-1.140515603836000480e+00 4.637180447943128891e-01
-8.691898972908830290e-01 1.258029839359142921e+00
-1.140515603836000480e+00 4.637180447943128891e-01
2.498698731668592965e-01 -2.398285809183432760e-01
2.498698731668592965e-01 -2.398285809183432760e-01
2.498698731668592965e-01 -2.398285809183432760e-01
3.852308802666623566e-01 1.747753579621188269e+00
2.498698731668592965e-01 -2.398285809183432760e-01
1.611976639738440742e+00 -3.690768147173726921e-01
-3.012523857447679809e+00 -4.713584878726961414e+00
-1.140515603836000480e+00 4.637180447943128891e-01
-5.805530577860531505e-01 2.103020344991450852e+00
-1.140515603836000480e+00 4.637180447943128891e-01
-1.292963681685598942e+00 -5.993920495222805345e-01
-6.770537781683807488e-01 2.292025028900940564e-01
-3.336144645607225012e+00 -5.398495707744126904e+00
7.133316988344791110e-01 -4.743441228225619977e-01
-1.140515603836000480e+00 4.637180447943128891e-01
-1.140515603836000480e+00 4.637180447943128891e-01
7.133316988344791110e-01 -4.743441228225619977e-01
4.125240157405621666e+00 -1.252726387340153513e+00
-2.821847821952963575e-01 1.385189913014971852e+00
2.268235691672558119e+00 -5.406019350012258862e-01
-6.104619235190117399e-02 4.412679283405036568e-01
2.498698731668592965e-01 -2.398285809183432760e-01
2.498698731668592965e-01 -2.398285809183432760e-01
3.923030495860925893e+00 -1.313256699513649872e+00
-6.988785460215962697e-01 7.700556254060292316e-02
2.498698731668592965e-01 -2.398285809183432760e-01
2.498698731668592965e-01 -2.398285809183432760e-01
-6.541091615214664756e-01 1.887683282008229879e+00
2.498698731668592965e-01 -2.398285809183432760e-01
2.004355415478381863e-01 1.206761282967733218e+00
-2.278403635456033527e+00 -5.590665017047840024e+00
-1.140515603836000480e+00 4.637180447943128891e-01
-1.140515603836000480e+00 4.637180447943128891e-01
-8.743273687718750020e-01 1.057937734104329230e+00
1.244175817916290915e-02 6.564054713639637662e-01
-1.404384428923847739e-01 1.800155345440626053e+00
7.133316988344791110e-01 -4.743441228225619977e-01
-2.135919525007606845e-01 -5.313039014124582883e-03
-2.135919525007606845e-01 -5.313039014124582883e-03
1.047111658558563113e-01 9.265261308781077565e-01
-6.770537781683807488e-01 2.292025028900940564e-01
4.256940915231167688e-01 1.866210493845147811e+00
-2.135919525007606845e-01 -5.313039014124582883e-03
-8.980070367976036305e-01 1.173667048648037614e+00
2.498698731668592965e-01 -2.398285809183432760e-01
7.133316988344791110e-01 -4.743441228225619977e-01
-1.140515603836000480e+00 4.637180447943128891e-01
-1.140515603836000480e+00 4.637180447943128891e-01
-2.135919525007606845e-01 -5.313039014124582883e-03
-9.433503698835228601e-02 1.935124049827260606e+00
2.498698731668592965e-01 -2.398285809183432760e-01
7.133316988344791110e-01 -4.743441228225619977e-01
2.687239901028686262e+00 -8.768791266946314167e-01
-1.140515603836000480e+00 4.637180447943128891e-01
-2.327802103493128961e-04 6.193004898211248443e-01
-7.167615123137943689e-01 -1.070220773488355981e+00
7.133316988344791110e-01 -4.743441228225619977e-01
-6.770537781683807488e-01 2.292025028900940564e-01
-6.770537781683807488e-01 2.292025028900940564e-01
-6.770537781683807488e-01 2.292025028900940564e-01
7.133316988344791110e-01 -4.743441228225619977e-01
-5.110265174838166669e-01 -1.850189215290808820e+00
1.004442798341366405e+00 1.969199756121035483e+00
-1.140515603836000480e+00 4.637180447943128891e-01
7.133316988344791110e-01 -4.743441228225619977e-01
2.600846459533905364e+00 -7.409171967518330959e-01
-2.135919525007606845e-01 -5.313039014124582883e-03
-2.135919525007606845e-01 -5.313039014124582883e-03
-6.770537781683807488e-01 2.292025028900940564e-01
6.481670035168207722e-01 9.261947657330790173e-01
-2.135919525007606845e-01 -5.313039014124582883e-03
-1.554328446210105075e-01 1.756258914478932232e+00
-1.140515603836000480e+00 4.637180447943128891e-01
-2.135919525007606845e-01 -5.313039014124582883e-03
-1.140515603836000480e+00 4.637180447943128891e-01
7.990880416798139541e-01 -3.833766388668370384e-01
-6.770537781683807488e-01 2.292025028900940564e-01
-6.770537781683807488e-01 2.292025028900940564e-01
-1.140515603836000480e+00 4.637180447943128891e-01
-3.135852983576041531e-02 -2.465023822504911699e+00
-6.770537781683807488e-01 2.292025028900940564e-01
-2.243458367814496590e+00 -3.085935168494283509e+00
1.010144570849892398e+00 3.945818924177226794e-01
-6.770537781683807488e-01 2.292025028900940564e-01
-1.140515603836000480e+00 4.637180447943128891e-01
7.133316988344791110e-01 -4.743441228225619977e-01
2.498698731668592965e-01 -2.398285809183432760e-01
2.498698731668592965e-01 -2.398285809183432760e-01
2.498698731668592965e-01 -2.398285809183432760e-01
-1.264143346841397397e+00 -1.013313484645687268e+00
-6.770537781683807488e-01 2.292025028900940564e-01
-8.204078890713037975e-01 -1.289577898947842582e+00
1.773617464634330565e+00 2.629665077440883181e+00
-2.135919525007606845e-01 -5.313039014124582883e-03
1.172661678173974265e+00 8.703541913635687299e-01
1.382873541022662689e+00 1.302477973283877377e+00
2.498698731668592965e-01 -2.398285809183432760e-01
2.498698731668592965e-01 -2.398285809183432760e-01
7.133316988344791110e-01 -4.743441228225619977e-01
7.133316988344791110e-01 -4.743441228225619977e-01
-2.135919525007606845e-01 -5.313039014124582883e-03
2.498698731668592965e-01 -2.398285809183432760e-01
-1.140515603836000480e+00 4.637180447943128891e-01
-6.770537781683807488e-01 2.292025028900940564e-01
-6.770537781683807488e-01 2.292025028900940564e-01
1.927770205314728758e+00 -5.926982160840883473e-01
7.133316988344791110e-01 -4.743441228225619977e-01
-1.140515603836000480e+00 4.637180447943128891e-01
1.940022428382373931e+00 3.116819159014147189e+00
9.306111220054369415e-01 1.753055948470543024e+00
-2.135919525007606845e-01 -5.313039014124582883e-03
-1.140515603836000480e+00 4.637180447943128891e-01
7.691496461290512343e-01 1.280374033109414222e+00
7.133316988344791110e-01 -4.743441228225619977e-01
2.506288337466235916e-01 1.353703216738776138e+00
-6.770537781683807488e-01 2.292025028900940564e-01
-2.135919525007606845e-01 -5.313039014124582883e-03
-4.946982891763609391e-01 -1.965632829933524839e+00
-6.770537781683807488e-01 2.292025028900940564e-01
1.873661039188696531e+00 -4.374727445865713160e-01
2.498698731668592965e-01 -2.398285809183432760e-01
7.133316988344791110e-01 -4.743441228225619977e-01
-6.770537781683807488e-01 2.292025028900940564e-01
-2.922197018338730801e-01 -1.387106610635862936e+00
3.341272053008501608e-01 6.836556509268008550e-03
7.133316988344791110e-01 -4.743441228225619977e-01
2.498698731668592965e-01 -2.398285809183432760e-01
7.133316988344791110e-01 -4.743441228225619977e-01
-6.770537781683807488e-01 2.292025028900940564e-01
-6.770537781683807488e-01 2.292025028900940564e-01
7.133316988344791110e-01 -4.743441228225619977e-01
-1.140515603836000480e+00 4.637180447943128891e-01
-6.770537781683807488e-01 2.292025028900940564e-01
2.498698731668592965e-01 -2.398285809183432760e-01
-2.135919525007606845e-01 -5.313039014124582883e-03
7.133316988344791110e-01 -4.743441228225619977e-01
-1.140515603836000480e+00 4.637180447943128891e-01
-2.135919525007606845e-01 -5.313039014124582883e-03
-1.140515603836000480e+00 4.637180447943128891e-01
3.708481750530750798e+00 -1.143799073259165411e+00
-7.109312987097713421e-01 -7.045369605237718560e-03
2.498698731668592965e-01 -2.398285809183432760e-01
2.498698731668592965e-01 -2.398285809183432760e-01
-6.770537781683807488e-01 2.292025028900940564e-01
-2.135919525007606845e-01 -5.313039014124582883e-03
7.133316988344791110e-01 -4.743441228225619977e-01
-2.135919525007606845e-01 -5.313039014124582883e-03
-6.770537781683807488e-01 2.292025028900940564e-01
-5.035917185071069335e-01 7.370163833104016460e-01
-9.859092404542662003e-01 -2.855230706368537597e+00
-2.135919525007606845e-01 -5.313039014124582883e-03
-1.140515603836000480e+00 4.637180447943128891e-01
-2.135919525007606845e-01 -5.313039014124582883e-03
-5.307651592009361430e-01 6.574655559418668416e-01
-2.135919525007606845e-01 -5.313039014124582883e-03
-1.140515603836000480e+00 4.637180447943128891e-01
2.498698731668592965e-01 -2.398285809183432760e-01
-8.688980657280852560e-01 -1.108640528774177181e+00
-2.135919525007606845e-01 -5.313039014124582883e-03
-1.591599891061417360e-01 3.336657543848839946e+00
2.498698731668592965e-01 -2.398285809183432760e-01
-2.135919525007606845e-01 -5.313039014124582883e-03
-9.449120410243149193e-01 -3.376925532498409321e-01
8.400515211521899062e+00 -4.163742352400326974e-01
7.133316988344791110e-01 -4.743441228225619977e-01
-6.770537781683807488e-01 2.292025028900940564e-01
1.722735975225599292e+00 -6.247886581516822746e-01
7.133316988344791110e-01 -4.743441228225619977e-01
2.498698731668592965e-01 -2.398285809183432760e-01
1.221341306278401762e+00 8.995500842277144304e-01
-3.549735200401052393e-01 1.172099330048020693e+00
-2.135919525007606845e-01 -5.313039014124582883e-03
2.498698731668592965e-01 -2.398285809183432760e-01
7.133316988344791110e-01 -4.743441228225619977e-01
2.498698731668592965e-01 -2.398285809183432760e-01
2.498698731668592965e-01 -2.398285809183432760e-01
2.498698731668592965e-01 -2.398285809183432760e-01
-1.140515603836000480e+00 4.637180447943128891e-01
-5.847322722807694051e-01 2.090785605395858227e+00
7.133316988344791110e-01 -4.743441228225619977e-01
2.498698731668592965e-01 -2.398285809183432760e-01
-6.770537781683807488e-01 2.292025028900940564e-01
-1.140515603836000480e+00 4.637180447943128891e-01
-1.140515603836000480e+00 4.637180447943128891e-01
1.530817372523216813e+00 1.918862627717176750e+00
7.133316988344791110e-01 -4.743441228225619977e-01
-1.140515603836000480e+00 4.637180447943128891e-01
1.922187813769463016e+00 -6.769189876248462578e-01
2.498698731668592965e-01 -2.398285809183432760e-01
-2.135919525007606845e-01 -5.313039014124582883e-03
5.194635856184380840e-01 -1.826300480904178958e+00
-2.135919525007606845e-01 -5.313039014124582883e-03
2.498698731668592965e-01 -2.398285809183432760e-01
-2.135919525007606845e-01 -5.313039014124582883e-03
1.375391524178039226e+00 1.463850140721994375e+00
-2.751087949737135996e-01 1.405905016570257793e+00
-1.140515603836000480e+00 4.637180447943128891e-01
2.498698731668592965e-01 -2.398285809183432760e-01
-3.612658195359304547e-01 1.153678489029636545e+00
-1.140515603836000480e+00 4.637180447943128891e-01
-2.135919525007606845e-01 -5.313039014124582883e-03
-6.770537781683807488e-01 2.292025028900940564e-01
-3.419865067787716040e+00 -4.360295702447874788e+00
-6.770537781683807488e-01 2.292025028900940564e-01
-6.770537781683807488e-01 2.292025028900940564e-01
7.133316988344791110e-01 -4.743441228225619977e-01
-2.135919525007606845e-01 -5.313039014124582883e-03
-2.135919525007606845e-01 -5.313039014124582883e-03
-6.770537781683807488e-01 2.292025028900940564e-01
1.326588811442951599e+00 6.213792031909838309e-01
2.138174000730796998e+00 -7.333708667859935026e-01
1.251197302772663500e+00 -2.747806385555291997e-01
7.133316988344791110e-01 -4.743441228225619977e-01
7.133316988344791110e-01 -4.743441228225619977e-01
1.239147455069915305e+00 1.064992721680894538e+00
4.133144855333587553e-01 2.386590088272265153e-01
2.498698731668592965e-01 -2.398285809183432760e-01
7.133316988344791110e-01 -4.743441228225619977e-01
7.133316988344791110e-01 -4.743441228225619977e-01
9.306205679564014677e-01 1.617736773258595107e-01
-1.140515603836000480e+00 4.637180447943128891e-01
9.225537457108613504e-01 1.729467807466424922e+00
-6.770537781683807488e-01 2.292025028900940564e-01
2.498698731668592965e-01 -2.398285809183432760e-01
-6.770537781683807488e-01 2.292025028900940564e-01
-9.635392141387765230e-01 -2.010045654132467163e+00
-6.770537781683807488e-01 2.292025028900940564e-01
1.744373443643046695e+00 3.595126682424821390e-02
-1.208853925166496923e+00 -1.774981169319552077e+00
-8.070124135626794981e-01 -1.060469677823162371e+00
7.133316988344791110e-01 -4.743441228225619977e-01
2.498698731668592965e-01 -2.398285809183432760e-01
-6.770537781683807488e-01 2.292025028900940564e-01
3.643588349563965156e+00 -1.126838014400394217e+00
2.498698731668592965e-01 -2.398285809183432760e-01
-6.770537781683807488e-01 2.292025028900940564e-01
2.498698731668592965e-01 -2.398285809183432760e-01
2.098004401178568568e+00 -1.752625690580164930e+00
-1.140515603836000480e+00 4.637180447943128891e-01
3.396877566940400550e-01 2.311518934555659849e-02
2.498698731668592965e-01 -2.398285809183432760e-01
7.133316988344791110e-01 -4.743441228225619977e-01
-1.140515603836000480e+00 4.637180447943128891e-01
-7.027376597052563678e-01 5.009369346304136383e-02
-5.819866706317039506e-01 -2.000369238014640061e+00
9.611302492197352221e-01 2.510914201393284473e-01
-6.770537781683807488e-01 2.292025028900940564e-01
-9.545804620217613889e-01 1.008047139326958996e+00
-6.770537781683807488e-01 2.292025028900940564e-01
2.498698731668592965e-01 -2.398285809183432760e-01
7.133316988344791110e-01 -4.743441228225619977e-01
-6.770537781683807488e-01 2.292025028900940564e-01
5.933267017444167069e-01 7.656486122926874360e-01
2.498698731668592965e-01 -2.398285809183432760e-01
1.735892410882792003e+00 2.519224177730347680e+00
-4.013051857996401406e-01 -1.617975059111114167e+00
-6.523406811630140245e-01 1.892860545987606224e+00
6.195709624821832406e-01 8.424792455160684534e-01
-1.140515603836000480e+00 4.637180447943128891e-01
-6.770537781683807488e-01 2.292025028900940564e-01
-1.294689642896913906e+00 -1.077961646074901081e+00
-2.135919525007606845e-01 -5.313039014124582883e-03
-1.299824359090188342e+00 -3.519600462615325220e+00
2.498698731668592965e-01 -2.398285809183432760e-01
-2.135919525007606845e-01 -5.313039014124582883e-03
-1.140515603836000480e+00 4.637180447943128891e-01
-1.140515603836000480e+00 4.637180447943128891e-01
2.498698731668592965e-01 -2.398285809183432760e-01
2.498698731668592965e-01 -2.398285809183432760e-01
7.133316988344791110e-01 -4.743441228225619977e-01
-4.340873531134146202e-01 1.684701157944748784e-01
7.133316988344791110e-01 -4.743441228225619977e-01
-2.135919525007606845e-01 -5.313039014124582883e-03
2.498698731668592965e-01 -2.398285809183432760e-01
-2.216659018062840103e-01 1.562360226506285699e+00
5.780248082552994493e-01 7.208519926419085788e-01
-5.434809019998001478e-01 -1.918875653917011759e+00
-6.770537781683807488e-01 2.292025028900940564e-01
7.133316988344791110e-01 -4.743441228225619977e-01
-3.267020173184485565e-01 -7.940960356428017342e-01
9.121586189698845937e-01 1.077259277875897703e-01
-1.284153314885305930e+00 -5.379521808657278248e-01
-6.770537781683807488e-01 2.292025028900940564e-01
6.906326788399276551e-02 -1.500699363329706104e+00
4.076456839168518531e-01 2.220634711526907612e-01
4.772329517416069034e-01 2.017091606701173934e+00
-6.770537781683807488e-01 2.292025028900940564e-01
-2.135919525007606845e-01 -5.313039014124582883e-03
1.793055577110320986e-01 -7.319150481130376473e-01
-6.770537781683807488e-01 2.292025028900940564e-01
2.498698731668592965e-01 -2.398285809183432760e-01
1.631764865728831060e+00 2.214388567761634175e+00
2.498698731668592965e-01 -2.398285809183432760e-01
2.498698731668592965e-01 -2.398285809183432760e-01
1.020615709919991260e-01 -1.270582791023364022e+00
-8.818279771051911187e-01 -3.850339040441905780e+00
-6.770537781683807488e-01 2.292025028900940564e-01
-3.927517714759609646e-01 -1.599872618508719313e+00
-2.135919525007606845e-01 -5.313039014124582883e-03
2.498698731668592965e-01 -2.398285809183432760e-01
1.060478422375560753e-01 9.304392795031305452e-01
-2.166818273800682482e-01 1.576951210722790764e+00
-6.770537781683807488e-01 2.292025028900940564e-01
7.133316988344791110e-01 -4.743441228225619977e-01
-1.140515603836000480e+00 4.637180447943128891e-01
-6.770537781683807488e-01 2.292025028900940564e-01
-6.770537781683807488e-01 2.292025028900940564e-01
-1.382940954479155993e+00 -3.695508371920821045e+00
2.498698731668592965e-01 -2.398285809183432760e-01
-6.770537781683807488e-01 2.292025028900940564e-01
-2.340976545343392834e-01 3.117275929534781387e+00
-2.135919525007606845e-01 -5.313039014124582883e-03
-1.008886101642082922e+00 -2.131265357199880306e+00
-2.135919525007606845e-01 -5.313039014124582883e-03
-2.135919525007606845e-01 -5.313039014124582883e-03
3.986984449721007184e+00 -9.898278719130721992e-01
2.498698731668592965e-01 -2.398285809183432760e-01
-6.770537781683807488e-01 2.292025028900940564e-01
-2.553722001452271573e-01 1.463684319005086332e+00
-6.770537781683807488e-01 2.292025028900940564e-01
2.170655315037825162e+00 1.146128049503973984e-01
-2.135919525007606845e-01 -5.313039014124582883e-03
-5.999394702127983647e-01 4.549562846410983297e-01
2.498698731668592965e-01 -2.398285809183432760e-01
7.133316988344791110e-01 -4.743441228225619977e-01
-6.770537781683807488e-01 2.292025028900940564e-01
1.970424747838689816e+00 -6.895265789319130478e-01
5.607697941974912892e-01 6.703375708570341596e-01
2.498698731668592965e-01 -2.398285809183432760e-01
-4.756694551240345931e-02 2.072038635406551421e+00
7.133316988344791110e-01 -4.743441228225619977e-01
2.498698731668592965e-01 -2.398285809183432760e-01
4.262469283002985776e+00 -2.354077136614995958e+00
2.498698731668592965e-01 -2.398285809183432760e-01
2.498698731668592965e-01 -2.398285809183432760e-01
7.133316988344791110e-01 -4.743441228225619977e-01
-1.287580377636122764e-01 -2.880223656921256925e+00
-3.125029541527921673e-01 -6.950776183942708464e-01
-2.152445227808731307e-02 -2.543345154733536617e+00
2.498698731668592965e-01 -2.398285809183432760e-01
-1.140515603836000480e+00 4.637180447943128891e-01
-6.770537781683807488e-01 2.292025028900940564e-01
7.133316988344791110e-01 -4.743441228225619977e-01
-2.135919525007606845e-01 -5.313039014124582883e-03
-6.770537781683807488e-01 2.292025028900940564e-01
2.498698731668592965e-01 -2.398285809183432760e-01
2.663580434521553908e+00 5.256098563854383343e-01
2.498698731668592965e-01 -2.398285809183432760e-01
7.133316988344791110e-01 -4.743441228225619977e-01
-2.135919525007606845e-01 -5.313039014124582883e-03
-6.770537781683807488e-01 2.292025028900940564e-01
5.703326783994416838e-02 7.869480672426197865e-01
-2.135919525007606845e-01 -5.313039014124582883e-03
2.498698731668592965e-01 -2.398285809183432760e-01
-6.770537781683807488e-01 2.292025028900940564e-01
7.133316988344791110e-01 -4.743441228225619977e-01
2.498698731668592965e-01 -2.398285809183432760e-01
1.583976401400894352e+00 -1.331866237973917233e+00
-2.135919525007606845e-01 -5.313039014124582883e-03
2.498698731668592965e-01 -2.398285809183432760e-01
1.385045343916184502e+00 1.492111903966814479e+00
9.376617338671274782e-01 1.823868407507092670e-01
7.133316988344791110e-01 -4.743441228225619977e-01
-1.237480068416058732e+00 -2.124721869169974853e-01
-6.770537781683807488e-01 2.292025028900940564e-01
-6.770537781683807488e-01 2.292025028900940564e-01
2.498698731668592965e-01 -2.398285809183432760e-01
-7.055651140373648822e-01 1.737044883220352665e+00
2.498698731668592965e-01 -2.398285809183432760e-01
-6.770537781683807488e-01 2.292025028900940564e-01
7.133316988344791110e-01 -4.743441228225619977e-01
1.306490043568431236e+00 1.262139586244581890e+00
7.133316988344791110e-01 -4.743441228225619977e-01
-4.548402967024280930e-01 2.471047135108477288e+00
7.133316988344791110e-01 -4.743441228225619977e-01
2.658885342546257746e-01 2.989686239904825626e+00
2.498698731668592965e-01 -2.398285809183432760e-01
8.702094810618813403e-01 1.576228855957073183e+00
7.133316988344791110e-01 -4.743441228225619977e-01
6.464196750060374752e-01 -1.167111154884886565e-01
2.498698731668592965e-01 -2.398285809183432760e-01
2.498698731668592965e-01 -2.398285809183432760e-01
7.133316988344791110e-01 -4.743441228225619977e-01
-7.437201640988774232e-01 -2.357014095373197171e-01
-1.140515603836000480e+00 4.637180447943128891e-01
9.938450600984677363e-01 3.468647269476676231e-01
2.498698731668592965e-01 -2.398285809183432760e-01
-1.140515603836000480e+00 4.637180447943128891e-01
7.133316988344791110e-01 -4.743441228225619977e-01
2.498698731668592965e-01 -2.398285809183432760e-01
5.390751935823693275e-01 -3.121189373559199454e-01
-1.140515603836000480e+00 4.637180447943128891e-01
-1.140515603836000480e+00 4.637180447943128891e-01
-6.770537781683807488e-01 2.292025028900940564e-01
-6.770537781683807488e-01 2.292025028900940564e-01
-1.140515603836000480e+00 4.637180447943128891e-01
7.133316988344791110e-01 -4.743441228225619977e-01
-1.075571193627522959e+00 -6.142195002271315651e-01
2.498698731668592965e-01 -2.398285809183432760e-01
-2.135919525007606845e-01 -5.313039014124582883e-03
-2.135919525007606845e-01 -5.313039014124582883e-03
2.498698731668592965e-01 -2.398285809183432760e-01
2.498698731668592965e-01 -2.398285809183432760e-01
1.136510689641395677e+00 7.645214011637558871e-01
2.498698731668592965e-01 -2.398285809183432760e-01
-6.770537781683807488e-01 2.292025028900940564e-01
-1.140515603836000480e+00 4.637180447943128891e-01
2.498698731668592965e-01 -2.398285809183432760e-01
-6.770537781683807488e-01 2.292025028900940564e-01
7.133316988344791110e-01 -4.743441228225619977e-01
5.955558055651896110e-01 7.721743612852735028e-01
-3.623107272797538858e-01 2.741929423684454026e+00
-1.140515603836000480e+00 4.637180447943128891e-01
6.042265711130302419e-01 -1.056831880274229224e-01
-1.140515603836000480e+00 4.637180447943128891e-01
2.498698731668592965e-01 -2.398285809183432760e-01
-2.135919525007606845e-01 -5.313039014124582883e-03
-4.767339444022642980e-01 8.156430900050248844e-01
-6.770537781683807488e-01 2.292025028900940564e-01
-1.140515603836000480e+00 4.637180447943128891e-01
1.933641032473126575e+00 3.909145762034755833e-01
-2.135919525007606845e-01 -5.313039014124582883e-03
-6.770537781683807488e-01 2.292025028900940564e-01
2.498698731668592965e-01 -2.398285809183432760e-01
2.498698731668592965e-01 -2.398285809183432760e-01
7.133316988344791110e-01 -4.743441228225619977e-01
-2.135919525007606845e-01 -5.313039014124582883e-03
-6.770537781683807488e-01 2.292025028900940564e-01
-6.770537781683807488e-01 2.292025028900940564e-01
2.498698731668592965e-01 -2.398285809183432760e-01
2.498698731668592965e-01 -2.398285809183432760e-01
2.498698731668592965e-01 -2.398285809183432760e-01
-1.140515603836000480e+00 4.637180447943128891e-01
7.133316988344791110e-01 -4.743441228225619977e-01
8.091581998941687059e-01 1.397499927827500654e+00
-1.239195193469850631e+00 -2.244327625006443394e-01
7.133316988344791110e-01 -4.743441228225619977e-01
2.498698731668592965e-01 -2.398285809183432760e-01
-8.676492339068442305e-01 9.512558821367756989e-01
-6.770537781683807488e-01 2.292025028900940564e-01
-6.187399110315334738e-01 1.991227517410045333e+00
1.137458124620375655e+00 -3.075475901103883913e+00
7.081476086339031362e-01 1.101789266881873397e+00
2.804858364604327359e-01 -1.056522200675359624e+00
1.789260254245121473e+00 3.642720777690364176e-01
-1.140515603836000480e+00 4.637180447943128891e-01
-2.135919525007606845e-01 -5.313039014124582883e-03
7.133316988344791110e-01 -4.743441228225619977e-01
-2.135919525007606845e-01 -5.313039014124582883e-03
-1.153200947302764900e+00 -7.785150612400273396e-01
-1.140515603836000480e+00 4.637180447943128891e-01
-2.135919525007606845e-01 -5.313039014124582883e-03
7.133316988344791110e-01 -4.743441228225619977e-01
2.498698731668592965e-01 -2.398285809183432760e-01
-2.135919525007606845e-01 -5.313039014124582883e-03
1.806483630511926508e+00 -4.199147191853505046e-01
3.190526501230224188e+00 -1.722885128409087918e-02
2.498698731668592965e-01 -2.398285809183432760e-01
7.133316988344791110e-01 -4.743441228225619977e-01
2.498698731668592965e-01 -2.398285809183432760e-01
1.157428998968819678e-01 2.550131692009665052e+00
7.133316988344791110e-01 -4.743441228225619977e-01
7.073856666778541857e-01 1.099558665549732694e+00
1.318887683464841754e+00 -2.924727384299113941e-01
-3.829643431501280060e-01 -1.579158511461653980e+00
2.498698731668592965e-01 -2.398285809183432760e-01
1.056931719160199679e+00 6.896791964756805449e+00
2.498698731668592965e-01 -2.398285809183432760e-01
2.498698731668592965e-01 -2.398285809183432760e-01
-4.123628613433347190e-01 1.004090808998130191e+00
1.632055088336011872e-01 1.229670562811636808e-01
1.056120910058307327e+00 -3.371753589844766474e-01
2.498698731668592965e-01 -2.398285809183432760e-01
-6.770537781683807488e-01 2.292025028900940564e-01
-2.135919525007606845e-01 -5.313039014124582883e-03
-6.770537781683807488e-01 2.292025028900940564e-01
2.498698731668592965e-01 -2.398285809183432760e-01
2.498698731668592965e-01 -2.398285809183432760e-01
2.498698731668592965e-01 -2.398285809183432760e-01
2.963793605434837941e-01 1.487638860010592312e+00
-1.157289746523539220e+00 -2.002554446531987331e+00
1.002569831167789527e+00 3.724066803935266456e-01
-4.329003321703620011e-01 9.439669249911191162e-01
7.133316988344791110e-01 -4.743441228225619977e-01
-1.140515603836000480e+00 4.637180447943128891e-01
-2.135919525007606845e-01 -5.313039014124582883e-03
-1.140515603836000480e+00 4.637180447943128891e-01
6.701912515536735671e-02 -1.514954372639627067e+00
-2.135919525007606845e-01 -5.313039014124582883e-03
-6.770537781683807488e-01 2.292025028900940564e-01
2.498698731668592965e-01 -2.398285809183432760e-01
1.088780426476428503e-01 2.530034675952810730e+00
7.133316988344791110e-01 -4.743441228225619977e-01
-1.140515603836000480e+00 4.637180447943128891e-01
-1.140515603836000480e+00 4.637180447943128891e-01
-1.140515603836000480e+00 4.637180447943128891e-01
2.162386969790683455e+00 -6.263179138982790661e-01
4.882188051115233240e-01 4.579430024538897470e-01
-1.140515603836000480e+00 4.637180447943128891e-01
