919 768
920 360
680 925
916 358
671 806
940 612
693 572
814 456
928 368
735 521
851 660
546 393
661 483
1047 813
861 882
1158 616
611 678
597 506
1062 890
847 554
915 582
963 556
939 588
934 657
832 419
733 315
621 765
846 541
839 478
774 671
1107 586
768 618
755 669
848 490
661 536
983 953
934 573
891 805
891 535
765 767
1036 461
965 641
671 603
1136 688
878 527
641 797
900 288
683 481
791 792
635 621
890 660
801 910
839 813
521 756
658 626
727 586
774 809
865 746
748 574
803 705
1041 803
956 725
706 396
994 696
815 748
832 386
679 606
994 619
870 614
867 783
676 611
979 547
1037 612
918 685
1006 569
876 597
813 391
680 479
904 491
598 374
484 637
979 441
880 515
827 654
655 633
874 613
827 543
962 397
531 221
635 585
1015 571
827 849
719 830
941 360
743 498
1104 588
843 370
783 605
1024 521
991 398
1369 1441
1296 1518
1454 1314
1290 1588
1223 1357
1373 1692
1436 1479
1099 1495
1313 1496
1520 1531
1308 1215
1513 1167
1658 1338
1483 1463
1393 1365
1548 1599
1552 1141
1113 1548
1704 1450
1416 1389
1560 1614
1243 1502
1492 1469
1701 1476
1538 1639
1400 1207
1355 1572
1603 1633
1211 1392
1498 1659
1121 1484
1509 1284
1370 1099
1672 1413
1543 1528
1349 1503
1369 1606
1651 1505
1482 1493
1502 1539
1622 1174
1187 1388
1737 1413
1400 1471
1428 1172
1281 1747
1210 1203
1615 1466
1424 1342
1370 1443
1483 1454
1584 1730
1497 1448
1659 1654
1389 1474
1511 1674
1449 1522
1523 1805
1674 1376
1401 1309
1303 1490
1457 1678
1163 1553
1558 1491
1566 1444
1786 1529
1319 1595
1313 1346
1612 1436
1280 1815
1615 1423
1637 1358
1431 1773
1630 1518
1707 1287
1329 1466
1663 1349
1597 1277
1225 1603
1400 1492
1520 1471
1191 1475
1336 1365
1581 1312
1477 1751
1452 1569
1292 1188
1430 1685
1312 1435
1431 1672
1334 1413
1538 1216
1575 1478
1397 1424
1472 1598
1400 1466
1495 1289
1260 1815
1434 1297
1386 1468
1410 1750
1474 2012
1327 1962
1535 2054
1843 1712
1704 2020
1699 1971
1576 1794
1574 1725
1778 2060
1486 2118
1645 2073
1573 1904
1812 2260
1472 2007
1695 1950
1608 1831
1408 1955
1710 1870
1616 1742
1651 2049
1453 1852
1610 1871
1655 1965
1629 2088
1554 1928
1540 1838
1578 2060
1571 1937
1703 2092
1946 1945
1844 1910
1689 1936
1666 1979
1860 1631
1577 1641
1623 1863
1649 2024
1471 1874
1805 2052
1843 1974
1682 1858
1623 2109
1564 2037
1644 1970
1817 1807
1516 1941
1836 1898
1547 1780
1699 1549
1938 1861
1581 2106
1776 2046
1802 1850
1573 1886
1661 2145
1707 1804
1640 1516
1519 1986
1636 1873
1508 1619
1721 1900
1916 1936
1405 1515
1443 2036
1637 1732
1800 1924
1926 2125
1595 1852
1716 2016
1560 1997
1764 2104
1687 1924
1661 1875
1618 1929
1776 2145
1549 2032
1522 1904
1944 1818
1304 1692
1318 1667
1638 1871
1647 1724
1524 2063
1758 1733
1794 1986
1784 1867
1377 1806
1409 1941
1597 1703
1758 2073
1620 1856
1546 1802
1643 2059
1646 1703
1620 1695
1719 1576
1624 1555
1511 2049
1762 1838
1063 2287
865 2450
697 2170
811 2286
1236 2306
1027 2119
959 2215
747 2434
810 2404
890 2203
800 2141
851 2183
571 2057
732 2397
1128 2250
871 2581
586 2063
1089 2303
701 2369
965 2171
1020 2136
743 2414
1029 2511
1254 2245
1079 2494
766 2338
586 2004
804 2327
898 2156
839 2254
844 2125
1034 2451
1158 2244
1003 2276
883 2325
948 2219
804 2487
1008 2167
674 2114
737 2312
951 2413
853 2252
1018 2383
845 2235
1228 2322
827 2402
949 2212
952 2546
1105 2101
775 2429
792 1938
1077 2349
791 2327
674 2112
1142 2657
899 2347
1014 2109
842 2203
777 2228
1194 2024
880 2145
1136 2422
1151 2403
1053 2037
1094 2159
621 2158
838 2170
703 2267
927 2031
572 2268
750 2428
828 1937
735 2258
995 2422
982 2237
871 2346
938 2510
773 2016
958 2433
875 2391
653 2318
995 2552
951 2223
791 2450
769 2136
819 2283
915 2225
863 2287
845 2278
878 2250
868 2227
817 2554
892 2506
1052 2408
767 2443
814 2093
1083 2111
838 2395
748 2183
803 2186
886 1326
1177 1150
1306 869
783 1182
1230 1398
1222 1369
1005 1109
1084 1122
998 1026
1040 853
1472 1110
1256 973
1141 1156
1150 1158
1239 1177
1180 1156
1132 1002
1114 1134
1071 1124
1063 961
1123 1168
1033 1095
934 1122
1053 1286
1134 1209
1300 1151
1136 1414
1422 1186
1418 1096
964 778
1247 1091
761 1197
907 1121
1218 1076
901 905
1042 1106
885 1078
1064 781
929 1097
1187 929
967 1249
989 796
1409 1202
854 1387
1152 1021
1198 1155
1199 1128
938 1237
918 1151
1123 1263
1012 995
1057 1509
1041 916
1067 1282
994 1199
825 1209
1188 1439
1218 921
990 1084
1331 1149
1298 1186
1415 1239
1185 1256
947 1074
1242 1190
1027 1128
1109 1233
940 1160
953 1315
1196 1349
1025 1217
1070 879
1094 1169
1027 1157
1131 1308
1254 1229
913 1093
1138 1148
1351 1364
1213 1250
815 1414
1095 1171
902 1148
1149 1172
972 1181
1228 1066
898 1425
837 1315
856 947
1103 1121
953 1050
1388 959
1063 1080
950 1149
1061 1112
1165 1380
1118 1111
919 1204
1021 1166
1307 1249
1638 1098
1416 1327
1409 1380
1498 1075
1169 1359
1346 1565
1287 1054
1400 1586
1382 1332
1460 1383
1421 1408
1176 1619
1686 1160
1706 1572
1681 1328
1559 1462
1379 1344
1746 1329
1554 1191
1451 1393
1466 1418
1335 1760
1207 1382
1351 1128
1436 1426
1435 1180
1476 1421
1235 1582
1435 1421
1332 1558
1351 1359
1186 1218
1672 1565
1399 1577
1580 1134
1701 1335
1373 1341
1303 1405
1292 1257
1458 1480
1551 1183
1263 1713
1544 1193
1513 1309
1344 1250
1407 1641
1575 1430
1558 1470
1729 1373
1582 1483
1525 1524
1464 1101
1354 1602
1355 1260
1423 1496
1269 1301
1376 1514
1425 1715
1352 1529
1343 1482
1356 1350
1169 1134
1225 1363
1514 1245
1598 1494
1453 1424
1307 1447
1322 1179
1468 1291
1473 1080
1592 1315
1096 1381
1552 1272
1338 1183
1153 1490
1391 1260
1711 1263
1089 1361
1350 1115
1282 1262
1338 1415
1335 1327
1402 1656
1508 1256
1397 1267
1056 1268
1344 1555
1238 1359
1367 1376
1593 1149
1315 1453
1155 1271
1646 1345
1555 1277
1183 1374
1466 1096
1122 1632
1598 1318
1342 1163
1553 1528
2010 1806
2073 1617
2371 1802
2058 1731
2310 1602
2104 1687
2160 1557
2170 1632
2201 1873
1890 1879
2312 1858
2266 1763
2305 1803
1995 1851
2420 1802
2181 1820
2214 1897
2191 1954
2311 1805
2007 1731
2503 1898
2511 1730
2205 1768
2311 1607
2433 1757
2215 2008
2305 1954
1975 1821
2409 1567
2378 1747
2389 2138
2506 1808
1946 1767
2474 1701
2297 1703
2233 1743
2311 1704
2299 1566
2334 1832
2399 1713
2441 1924
1969 1815
2017 1899
2097 1776
2023 1989
2218 1940
2232 1730
2242 1766
2211 1986
2243 2044
2443 1805
2251 1822
2328 2026
2500 1960
2310 1782
2400 1659
2269 1810
2471 1679
2228 1739
2389 2146
2379 1744
2349 1825
1889 1767
2513 1688
2054 1463
2437 1505
2391 1810
2163 1682
2143 2088
2374 1691
2000 1841
2512 1902
2433 1850
2152 1619
1965 1702
2034 1665
2180 1717
2515 2004
2297 1792
1944 1956
2374 1736
2057 1902
2584 1723
2082 1851
2488 1745
2220 1767
2528 1797
2070 1780
1898 1866
2162 1847
2342 1768
1876 1724
2136 1960
1920 1820
2096 1591
2016 2063
2409 1899
2229 2142
2365 1797
2153 1787
2049 2406
1967 2305
2236 2294
2067 2170
1978 2090
2056 2509
2010 2305
1917 2320
1814 2280
2088 2220
2263 2409
1878 2293
2015 2558
2189 2024
1716 2344
1992 2271
2033 1983
1879 1994
1913 2244
2153 2559
2169 2474
2016 2218
1734 2021
2026 2250
1679 2450
2062 1960
1775 2257
2166 2433
2308 2394
2023 2405
2261 2123
2098 2398
1979 2367
1886 2202
2138 2388
1754 2362
1899 2567
2322 1979
1902 2470
2055 2286
2097 2239
1885 2171
2094 2469
1824 2323
1976 2272
2048 2583
2077 2294
2187 2435
1949 2169
1711 2383
2146 2143
1932 2554
2146 2439
2033 2335
2105 2214
1890 2328
2035 2273
2122 2141
2072 2189
2231 2245
2035 2277
2010 2204
1914 2106
1932 2311
1881 1912
2137 2286
2085 2124
2144 2286
2059 2194
2083 2232
2055 2214
2329 2225
2001 2295
2154 2447
1979 2258
1914 2287
1910 2392
2137 2602
1787 2137
2013 2250
1932 2194
2010 1929
2126 2231
2163 2291
2230 2501
2018 2195
2360 2216
1665 2274
1750 2330
2113 2054
2258 2336
2062 2045
2008 2288
2037 2251
2241 2435
2030 2277
1662 2537
2141 2370
1672 2296
1774 2132
3853 4247
3884 3961
3969 4117
4193 4014
3959 4093
3983 4331
4069 3955
4060 4228
3767 4132
4301 3920
3928 4161
3936 4205
4112 4214
4052 3921
4149 3974
3705 3999
3985 3974
3918 3774
4076 4063
4205 3904
3648 4070
3816 4069
4052 3912
4025 3897
4046 4066
3828 4112
3863 4186
3893 3900
4269 4162
3844 3998
3964 4235
4028 4060
3755 3861
4078 4209
3801 4112
4216 3982
3986 4224
4282 4014
4009 4349
4184 4129
4025 4237
3944 4222
3955 4334
3939 4048
4069 4014
3940 4226
3972 4209
4066 4046
3661 4257
3904 4171
4299 4454
4169 4143
3861 4194
4014 4108
4121 4075
4172 3901
4119 4167
3883 4039
3730 3923
3870 4192
3759 4057
3842 4120
4266 4150
4170 4340
4152 4224
3905 4065
4127 4045
4009 4083
4272 3742
3930 3932
4303 4198
4048 3975
3963 4384
3758 4147
3839 4160
3910 4121
3845 4230
4074 4006
3981 4185
4027 4367
4255 4375
3810 3886
4251 4042
4000 4027
3901 3990
3895 3898
3833 4426
4001 3806
4164 4026
3720 3984
3947 4089
4039 4118
4314 4389
3845 4318
4214 3977
3859 3873
4076 4076
3825 3889
4067 4100
3994 4068
3451 2447
3412 2097
3584 1936
3313 1958
3548 2073
3595 2422
3712 1827
3284 2151
3432 2481
3367 2001
3324 2013
3651 2204
3582 2390
3220 2215
3560 2007
3461 2022
3443 2059
3468 2269
3517 2133
3616 2208
3642 2133
3279 2095
3363 2082
3492 1987
3402 2122
3196 2150
3435 2012
3232 2115
3502 2167
3449 2195
3453 1967
3449 2125
3157 2185
3279 2147
3151 2116
3320 2092
3600 2125
3445 2416
3540 2104
3512 2247
3719 2261
3467 2350
3356 2115
3449 2247
3451 2071
3503 2440
3556 2132
3293 2271
3199 2076
3238 2149
3424 2308
3176 2204
3620 2019
3496 2068
3592 2050
3344 2437
3113 2276
3228 2328
3462 2373
3553 1910
3396 1891
3090 2225
3437 2126
3525 1966
3687 1934
3339 2046
3615 2222
3349 2270
3251 1968
3368 2315
3488 2174
3508 2255
3308 2014
3574 2277
3305 2015
3500 2415
3445 2386
3661 2153
3448 2160
3474 2266
3140 2158
3462 2225
3299 2196
3405 2197
3455 2539
3323 2328
3407 2237
3317 2214
3548 2131
3196 2232
3598 2217
3474 2204
3287 2242
3433 2028
3449 2105
3307 2016
3560 2243
3510 2375
3435 2305
3795 2339
